This folder: /media/daniella/B/git/Coordinations/Coordinations/&meta/tmp-branding

folderstamp version: r5
Method: Non-recursive

  File: ./logotype (another copy).svg
  Size: 26466     	Blocks: 56         IO Block: 4096   regular file
Device: 8,52	Inode: 2037948     Links: 1
Access: (0755/-rwxr-xr-x)  Uid: ( 1000/daniella)   Gid: ( 1000/daniella)
Access: 2024-05-02 00:24:06.533767100 -0300
Modify: 2024-05-02 00:23:37.695051000 -0300
Change: 2024-05-02 00:24:05.586776700 -0300
 Birth: 2024-05-02 00:23:37.632051600 -0300
IPFS hash: QmWhd8Utf7CNbks3vkNA2UuwDTUWwFNDVHiWAnbTbCv2gy
------------------------------
  File: ./logotype (copy).svg
  Size: 22719     	Blocks: 48         IO Block: 4096   regular file
Device: 8,52	Inode: 214189      Links: 1
Access: (0755/-rwxr-xr-x)  Uid: ( 1000/daniella)   Gid: ( 1000/daniella)
Access: 2024-05-02 00:24:06.541767000 -0300
Modify: 2024-05-02 00:19:40.957622000 -0300
Change: 2024-05-02 00:24:05.590776600 -0300
 Birth: 2024-05-02 00:16:50.997633600 -0300
IPFS hash: QmYweFeTWJQvxCp7ezWzLGhPzhPSpswQKU9NC5AKbAqKF4
------------------------------
  File: ./rmv-after-commit
  Size: 0         	Blocks: 0          IO Block: 4096   directory
Device: 8,52	Inode: 2500729     Links: 1
Access: (0775/drwxrwxr-x)  Uid: ( 1000/daniella)   Gid: ( 1000/daniella)
Access: 2024-05-02 00:24:07.070761600 -0300
Modify: 2024-05-02 00:24:07.070761600 -0300
Change: 2024-05-02 00:24:12.093710400 -0300
 Birth: 2024-05-02 00:24:07.070761600 -0300
IPFS hash: 
------------------------------